25.365
38.296
1.358
1.524
0.15
1996.743
0.013
0.92
266.804
242.936
0.467
0.833
4.118
1.917
0.379
0.715
1.904
0.067
83.917
17.375
0.083
0.664
0.831
52.562
0.03
30.651
89.116
27.302
27.49
10.76
186.012
7.68
370.512
19.018
1.38
0.337
54.518
150.576
10.666
4.967
39.309
6.205
0.797
0.332
12.52
7.048
3.108
8.644
43.099
6.011
5.53
12201.284
0.0
12201.423
7.539
14.344
0.562
5.561
14.501
9.683
1499.284
7.555
9.549
2.988
0.298
0.001
10.097
25.492
0.113
25.834
2.816
8.536
0.663
0.013
9.999
0.091
19.586
0.76
0.608
0.405
18.585
0.4
0.104
0.019
3.784
0.204
0.859
155.524
17.571
6.027
45.746
196.251
0.972
169.989
0.536
84.08
19.796
166.644
6.326
0.029
0.324
20.508
2.541
14.995
0.574
129.466
0.0
3.132
167.207
0.357
0.0
3.789
0.04
0.624
27.411
45.806
0.134
0.249
209.748
0.0
21858.857
2.997
1170.701
73.881
0.11
457.975
113.561
12.303
14.175
435.123
0.001
0.52
10.114
77.204
22.285
0.476
0.549
1.873
6.856
0.253
0.648
15.308
0.274
27.449
71.458
120.024
126.252
8.306
0.458
174.505
167.504
0.206
340.151
19.523
0.569
20.361
0.606
0.265
23.012
106.226
12.984
0.346
0.048
0.241
54.966
0.017
423.519
42.735
4.125
24.646
0.029
0.304
6.119
11.415
0.071
602.303
523.793
1.552
1183.799
0.001
0.281
0.056
0.177
0.312
23.462
0.228
1.364
0.058
42.138
1.026
0.158
0.167
0.272
81.926
0.032
5.285
5.916
8.469
6.014
0.062
0.089
0.167
0.122
0.06
0.044
0.375
25.378
73.854
66.111
0.33
0.223
0.006
0.001
62.072
26.474
7.19
0.117
0.221
0.199
74.268
73.798
953.193
0.522
9.471
0.092
1.357
2.092
15.713
16.692
0.124
0.616
17.79
2.11
436.541
0.007
1.081
222.29
8.825
7.064
0.036
48.481
1.347
2.043
0.202
0.919
72.787
17.768
0.195
0.085
0.043
0.036
0.083
0.101
0.105
0.134
0.258
0.121
0.08
0.443
0.422
2.401
0.027
0.426
0.448
0.552
0.074
0.068
0.081
0.745
18.002
4.409
2.15
7.074
6.904
15.945
108.595
0.077
0.013
0.399
47.234
9.501
9.669
0.871
8.098
7.781
7.015
0.212
1.482
8.666
58.051
0.035
0.378
0.664
0.011
13.665
0.218
0.071
233.578
25.255
0.211
4.333
3.472
9.088
37.35
61.078
12.28
170.945
3.18
0.244
0.036
1.15
0.008
0.037
8.068
329.794
0.031
6192.67
0.328
0.006
16.618
0.589
32.872
0.154
1014.282
14.394
11.665
301.834
3.274
21.902
0.53
0.528
10.956
9.094
0.036
10025.089
2.453
1373.471
1514.095
0.019
75.202
44.866
0.204
5.147
0.809
2.792
23.169
0.04
0.145
4.863
7.775
2.837
158.643
0.369
12.595
48.184
19.136
29.682
8.28
13.745
22.6
7.126
41.485
2.507
1.208
0.704
0.055
0.042
16.609
0.269
3.163
0.142
0.074
0.396
0.546
66.148
0.124
106.585
5.819
0.107
0.006
52.712
119.653
0.007
0.28
0.208
0.081
0.029
71.16
8.714
0.111
0.15
0.136
0.22
0.323
0.378
66.74
529.441
0.741
22.313
27.461
357.42
2.439
22.027
68.921
0.138
0.019
0.907
33.275
37.874
7.839
5.018
84.27
16.417
0.046
0.031
0.079
0.049
1.015
0.068
0.049
0.038
1128.159
59.199
1.551
13.758
0.263
1.668
219.727
6.801
3.15
25.131
1.021
48.479
2.143
0.011
12.827
117.719
51.608
45.153
0.001
0.17
0.394
43.253
5.571
0.189
20.601
0.131
18.426
7.629
2.596
3.102
1.899
0.433
0.45
5.651
8.037
452.047
554.729
2.251
1.301
24.526
93.275
529.576
0.001
49.759
0.97
0.226
0.081
0.017
0.016
1.306
0.275
16.933
8.604
17.969
0.936
0.048
0.263
4.128
0.158
21.849
20.906
84.769
6.631
27.105
3.089
15.479
7.957
74.643
55.301
6.39
13.533
59.712
433.543
7.88
0.63
3775.707
8.716
2140.846
358.459
1.015
121.129
3.285
1.135
2.481
102.997
0.903
4.533
22.432
0.609
24.448
1.329
51.175
0.6
29.251
0.038
0.537
1.527
2.0
0.128
0.163
31.209
17.69
0.818
0.005
16.656
0.527
259.195
1.77
28.173
1.062
9.086
0.004
6.556
128.749
1.345
3.073
18.542
1.106
0.04
22.981
0.156
127.796
2.32
0.007
1.51
1.761
8.188
0.129
2.478
0.248
156.767
0.062
47.908
0.383
4.889
6.27
0.56
0.038
0.064
0.084
0.613
0.031
0.235
0.136
363.799
209.237
1133.444
0.507
3.629
0.247
7.719
7.144
1.723
0.748
0.11
10.888
18.201
70.784
0.033
43.394
4.161
17.514
0.118
0.094
0.393
0.062
0.178
29.202
0.011
115.36
0.254
0.041
0.406
149.806
16.733
0.123
25.603
2.735
0.05
308.775
0.298
113.562
3.526
81.817
2.647
424.254
0.116
2.48
18.361
16.172
1.097
20.596
16.979
16.746
16.348
16.307
0.074
0.036
1.627
4.323
0.125
0.025
148.451
17.285
458.616
2.166
123.974
0.062
0.143
0.093
0.019
0.388
169.497
0.102
0.152
0.028
0.484
42.546
0.896
8.639
0.001
1.049
17.39
0.001
841.712
0.057
572.502
0.414
1.131
21.112
230.273
0.181
0.033
14.281
0.082
0.618
1.721
4.8
4.452
2321.325
0.102
0.745
0.598
0.684
0.536
1.605
1558.779
45.047
0.387
0.108
644.469
26.046
0.001
7.673
0.512
6.601
1.381
1.592
15.486
0.233
0.149
0.074
0.255
0.826
3.828
0.567
19.309
0.266
0.068
0.24
0.073
0.029
0.541
34.025
4.461
191.523
0.501
0.049
4.216
49.411
2.341
2.775
3.571
9.166
5.114
0.093
0.044
0.621
66.268
35.839
120.162
0.311
1.083
40.75
1697.898
1584.654
7.76
4.373
46.489
68.014
0.054
0.239
0.073
0.141
4.037
0.463
0.502
279.882
928.396
12.591
515.265
0.015
0.098
0.016
313.586
34.883
315.984
9.914
33.062
0.236
22.913
0.561
23.676
0.001
0.3
0.244
0.02
0.314
0.379
2.098
0.0
21.817
601.218
19.13
240.624
15.529
0.995
1.332
17.116
0.001
0.404
2.568
2.51
716.311
1528.936
0.782
46.673
3431.807
10999.739
0.0
501.567
516.789
8.062
23.582
9.703
6.968
0.074
0.168
0.415
0.002
0.123
0.894
32.687
32.509
14.883
6.087
15.562
5.258
5.905
3.237
3.342
457.587
0.461
0.661
4205.626
18.142
0.024
4.543
9.979
0.193
29.313
0.477
0.002
0.379
0.002
1.011
0.029
1.476
0.001
2.461
3.029
5.591
7.138
783.26
0.312
0.068
1.248
0.045
1461.917
90.075
0.456
3.124
0.203
0.929
0.206
0.152
0.101
0.434
0.178
0.683
146.362
0.068
0.874
0.001
0.266
0.036
10.227
45.847
287.221
0.052
702.539
93.013
16.965
3.053
12.881
6.132
439.18
0.739
1.956
0.504
0.261
14.418
0.821
0.864
4.704
2.889
0.001
1.454
0.118
0.057
5.661
0.355
0.145
0.129
0.08
0.063
0.29
6.323
121.816
1.407
291.509
140.666
100.705
190.029
0.107
0.774
0.86
31.963
4.151
0.001
3.047
85.629
2.612
24.584
5.67
0.247
0.296
47.733
10.897
9.896
1.276
0.119
0.041
0.232
11.076
256.481
0.381
170.118
64.783
2.317
407.968
0.062
0.093
0.026
5.147
2.802
2.456
0.781
0.07
2277.005
1.204
30.243
8.347
4.65
0.166
2.155
97.324
0.054
0.014
0.201
0.07
2.609
1.302
4.533
15.885
0.001
0.879
0.481
45.648
0.853
122.969
67.923
8.649
9.019
8.461
11.523
10.769
22.188
67.787
4.331
92.15
25.386
25.403
27.653
2.035
90.593
337.709
764.529
2.727
0.45
1.648
0.597
2.434
62.678
173.878
0.034
16.76
144.702
7.543
2.782
4.197
3.226
12.721
2.558
1.634
1.177
4.803
0.526
20.134
49.295
2.576
181.241
113.789
0.004
0.243
0.451
31.059
7.736
9.741
1612.435
15.737
49.774
266.721
9.876
479.321
25.901
439.537
13.968
0.001
0.082
0.371
2117.153
0.956
3.324
0.905
0.085
0.034
0.236
0.406
0.069
0.211
38.087
8.367
1.241
2.834
0.552
744.884
1.327
0.067
1347.236
3056.582
2224.586
4.946
235.012
1024.356
0.013
8.346
0.031
0.027
0.003
15.474
13.889
0.371
147.292
18.242
0.961
0.148
0.02
0.034
0.056
0.372
145.847
0.106
0.031
0.117
0.082
0.673
6.408
0.043
84.268
28.979
23.237
3.621
31.248
87.522
0.251
0.633
0.545
0.314
0.258
4.927
0.21
0.071
0.855
18.866
0.2
0.031
0.128
4.684
75.074
0.031
2.487
1.302
14.146
0.819
0.998
134.291
0.095
0.074
0.252
0.084
236.093
0.823
167.313
0.07
0.864
0.229
0.369
0.001
284.809
6.019
12.21
6.58
40.881
3.911
4.607
146.407
1034.971
12.283
0.002
263.26
74.148
428.462
173.791
187.894
225.737
285.74
58.079
0.013
136.311
97.266
0.119
20.944
20.168
6.134
0.351
0.013
0.264
0.026
0.031
0.024
0.059
0.041
0.063
0.185
99.199
11.843
57.716
157.015
1967.707
76.081
1208.771
91.786
1857.538
62.932
7.659
1.372
19.906
0.349
1.089
0.689
0.374
4.145
12.502
0.589
0.01
31.336
5.949
1194.802
0.99
0.05
0.045
10.93
4.611
5.369
26.801
0.4
0.294
1.054
79.583
21.712
242.684
0.007
0.661
0.117
20.85
0.975
0.246
4.898
0.266
0.135
0.917
0.203
0.096
15.457
2.404
310.193
164.157
4.042
280.079
134.703
109.308
0.781
0.001
0.129
8.089
1.212
0.753
0.988
15.024
0.116
0.11
0.084
16.778
1.136
0.037
6.544
8.586
0.39
5.101
0.877
0.003
3.477
10.569
0.02
0.676
0.207
21.23
10.912
4.734
93.121
2.128
98.838
68.506
141.083
101.709
16.871
0.677
1.263
1.187
15.875
7.753
2.822
0.253
0.327
1.712
28.706
23.152
4.317
0.508
1.096
40.287
3.636
149.766
0.004
31.301
1.599
0.205
0.001
76.255
6.252
0.002
2456.544
78.376
35.291
9.161
372.956
99.963
3.653
0.019
0.243
8.908
0.207
215.047
0.511
3238.429
0.412
0.036
0.011
17.866
0.146
0.02
1.274
0.052
0.319
0.149
0.652
52.569
1.455
0.449
92.067
0.909
48.44
2.14
0.051
7.181
14.604
0.011
74.08
7.387
58.969
1.562
14.004
96.858
0.156
28.092
0.349
4.992
5.791
2.318
23.752
11.948
0.438
1.068
0.749
4.25
4.417
9.092
1.683
5.574
2.135
0.377
6.707
2.528
0.033
0.004
72.583
0.141
0.001
5.522
1.657
0.967
23.856
1745.744
5910.748
0.292
1.81
335.952
37.371
28.593
45.318
23.138
0.001
83.002
1.309
9.139
147.956
0.019
3.375
120.058
5.313
7.332
0.651
3.47
1.314
0.111
0.014
0.654
0.378
0.246
0.741
6.211
0.124
60.956
0.205
0.102
0.078
0.989
0.301
0.055
0.071
0.099
0.154
0.149
0.062
0.009
0.209
0.126
0.022
0.61
3.9
0.388
0.042
0.436
0.106
0.361
0.087
1.177
0.362
1.51
259.619
48.852
289.517
0.029
7.331
1.188
0.124
0.227
0.416
0.333
0.6
1.408
259.452
0.041
5288.053
6691.535
0.389
0.391
0.58
5708.913
52.633
48.726
0.263
0.295
57.377
0.001
63.868
107.444
13.437
3.824
0.406
0.133
0.237
26.713
0.004
0.274
30.877
19.23
423.769
137.115
124.957
4.187
2.62
0.96
7.977
51.181
1.502
188.735
1.097
1.427
269.642
192.01
4.381
0.66
140.004
150.977
0.001
13.037
3.413
1.278
0.028
94.161
1.558
3.668
0.181
64.134
2.987
0.002
0.014
0.03
0.023
0.072
0.287
0.009
439.451
48.683
5.166
40.502
129.886
2.637
1.184
0.323
1.202
0.252
0.139
0.177
0.395
0.263
0.033
31.22
1.235
19.383
0.706
5.075
0.088
0.181
138.829
28.966
1.103
2.276
9.609
0.209
1.799
0.448
244.914
33.361
9.979
1.936
90.713
61.89
13.556
0.011
102.411
1083.622
0.067
0.073
0.029
0.005
4.793
7.706
64.581
1.224
0.902
0.013
507.188
26.643
379.019
62.954
23.336
0.001
2.772
0.023
0.199
3.734
4.165
6.593
4.453
0.002
0.021
61.59
12.213
52.123
1.689
3.714
0.407
0.777
3.113
0.297
0.464
80.524
0.466
0.169
0.094
19.763
0.143
48.877
0.526
0.009
0.033
0.026
87.632
16.967
18.704
22.543
27.587
23.397
0.016
0.085
0.017
0.032
0.048
0.013
0.015
0.056
0.011
189.691
12.641
0.002
11.248
20.612
88.831
2.005
70.379
14.95
1.145
0.165
1.446
1.922
236.834
0.175
123.541
757.214
0.005
2.875
0.094
3.779
4.683
1.311
0.403
0.519
0.234
0.823
421.704
0.527
6.318
0.097
0.214
1.397
0.066
186.988
4.884
11.949
632.511
0.341
19.791
4.576
419.798
1.554
0.002
41.342
13.385
13.014
71.975
79.941
37.164
541.695
415.834
6.03
948.636
5.868
0.002
51.288
1.285
17.72
4.622
0.001
4.343
8.346
9.866
0.002
8.761
0.002
0.349
20.64
0.147
5.926
158.503
65.098
3.346
15.369
3.809
1.361
3.971
0.103
0.582
0.001
643.472
79.806
1311.468
0.948
2235.733
0.893
0.189
2.494
2.605
0.287
14.996
0.26
0.111
0.681
14.202
2820.647
83.931
56.614
70.074
2.09
2533.668
42.376
1.134
1.281
0.075
48.042
4.977
13.156
5.74
1.846
0.168
0.001
1.559
15.105
6.691
63.755
0.779
20.75
8.156
5.898
18.358
0.411
0.002
18.154
0.007
1.269
44.193
0.064
0.01
0.017
0.008
0.004
0.071
0.084
0.053
0.243
0.136
0.051
0.323
0.001
0.194
0.015
0.025
0.029
0.109
3.28
22.935
2.013
18.975
31.923
2.279
11.697
46.637
0.226
0.282
1.707
0.013
13.499
0.477
0.008
0.02
0.917
0.037
0.162
0.014
0.027
0.026
0.071
0.004
0.067
9.717
4.263
0.005
1.804
2.906
1.291
3.265
71.489
46.399
151.156
402.142
232.269
21.955
581.349
27.267
26.978
0.146
0.068
395.845
0.179
35.46
63.705
31.775
0.077
7.768
101.142
0.031
1.179
7.775
0.228
0.118
94.256
0.077
22.147
94.624
0.078
17.698
75.427
0.083
2.003
0.454
0.059
13.75
143.866
0.058
3.85
1516.064
86.952
0.065
99.139
0.066
1.446
0.005
28.073
6.112
0.572
26.351
0.991
1008.244
1016.367
0.071
10.786
0.122
0.075
0.008
0.21
0.931
0.206
0.016
0.015
0.001
0.113
1.215
0.069
11.861
81.699
0.069
25.449
41.475
13.978
0.102
27.338
2.052
95.63
0.339
142.6
0.781
0.311
0.002
0.079
0.019
0.034
0.126
0.015
0.064
1.468
0.068
1.038
0.988
38.028
101.439
0.637
1.929
1.362
0.504
0.278
0.546
0.111
19.963
44.89
145.787
16.965
5.958
1.639
1.405
1.637
0.535
2.288
19.431
0.597
0.604
0.211
6.214
4.509
18.168
0.078
8.529
0.038
9.922
0.133
0.017
0.387
0.041
0.678
0.208
1.456
0.06
11.111
54.512
916.657
18.04
0.017
479.556
0.499
24.874
14.832
0.073
4.917
0.102
13.037
4.361
0.005
1.472
0.003
1.642
8.154
0.191
0.138
0.108
0.102
3.357
48.111
5.481
17.096
114.299
2433.074
48.523
1.934
2.513
0.06
1.073
0.314
0.009
0.08
55.834
0.074
10.296
0.041
0.442
1.365
0.09
5.407
320.576
1511.113
0.021
0.09
0.191
19.945
50.701
0.004
0.684
5.971
93.338
6.125
0.107
0.094
0.212
0.258
0.715
0.531
1.691
494.916
0.003
0.173
1.671
21.124
0.066
4.694
4.122
40.356
70.521
4.933
77.524
147.057
1.429
0.079
9.2
95.418
193.498
0.542
0.151
0.004
5.064
66.078
2.496
19.625
0.043
8.692
0.104
8.072
0.09
1.638
7.807
1.451
0.004
0.223
9.935
1.854
18.372
0.001
1.464
12.976
1.006
35.868
944.034
4.917
0.253
0.115
0.481
0.032
0.074
3.341
17.42
74.755
24.918
0.168
0.047
0.058
0.1
2.899
0.028
0.096
0.085
0.102
17.779
0.009
44.087
0.026
0.059
0.424
1.931
42.095
0.107
498.607
0.1
0.171
136.593
94.646
12.324
213.825
42.206
519.251
0.0
519.117
0.0
0.07
8.678
95.411
246.934
138.695
380.835
795.241
0.176
741.928
12.734
1927.113
0.069
38.748
0.781
0.052
40.55
198.439
111.554
299.09
22.761
16.802
82.395
0.069
3.861
0.003
14.466
0.001
0.08
53.851
5.066
0.001
627.253
0.002
47.17
1015.772
0.004
0.082
780.59
21.401
0.084
0.063
0.01
0.005
0.075
48.05
0.04
0.127
0.563
49.78
118.394
56.146
522.656
0.193
0.026
16.594
126.142
21.764
3.105
15.177
3023.769
696.048
47.683
398.352
0.021
0.078
0.083
0.004
0.082
0.045
0.305
0.059
0.001
0.086
0.124
0.001
0.096
146.091
0.401
1.193
20.552
0.932
1.809
150.442
0.228
3.435
0.001
171.401
20.445
35.784
1036.776
40.715
50.711
224.926
92.317
186.808
160.467
148.393
0.351
4.63
1086.491
69.743
14.726
6.889
142.973
1485.793
31.61
380.82
9.566
405.022
3765.358
20.914
9.361
0.077
478.606
0.369
0.017
0.104
0.004
609.106
4.595
0.001
155.613
955.131
0.076
925.035
0.029
0.026
4.134
9.163
53.358
2.651
0.22
0.096
133.498
18.849
0.598
44.521
46.029
3.388
1.998
1.585
0.154
0.32
0.601
0.042
17.654
0.169
4.109
0.734
0.237
0.128
18.042
1.304
1.853
68.625
2.62
26.273
0.099
1.206
0.073
126.134
0.001
0.074
25.33
10.509
0.863
0.337
13.177
0.095
29.972
1.841
12.889
0.445
1.617
1.974
0.937
0.05
0.191
1.398
27.958
14.842
0.088
1.992
0.088
0.251
0.978
0.108
10.596
0.699
0.547
118.904
0.303
0.086
1.126
0.484
0.229
0.353
0.151
0.049
0.228
0.153
96.592
437.735
2.275
2512.928
3.456
14.431
1.448
27.519
1.127
48.866
3.219
3.023
0.448
0.052
0.021
265.123
0.169
18.533
11.556
1805.141
23.417
0.124
0.108
0.112
0.065
0.096
0.002
0.047
0.075
3.242
0.113
0.359
15.809
0.001
0.179
0.757
0.938
0.036
0.024
0.124
5.423
0.077
0.588
0.431
13.89
0.441
3.511
2.145
0.487
0.024
0.017
16.95
8.851
60.985
6.666
0.098
0.041
0.079
0.474
70.89
6.978
15.828
2091.976
0.112
0.544
0.12
0.168
0.065
0.004
0.065
16.076
0.027
0.058
0.021
0.914
5.909
0.249
0.505
0.136
2.729
0.111
78.989
0.118
137.162
0.171
0.258
16266.301
0.0
130.532
0.017
0.859
1.478
0.62
0.173
15.198
47.427
31.043
0.144
0.038
0.296
19.695
1.347
0.013
172.069
0.157
1.429
3.894
0.103
0.021
0.032
2.744
15.376
0.016
0.024
0.076
0.028
0.126
0.741
21.24
0.34
0.029
1.461
0.274
0.309
0.033
0.509
96.426
22.239
0.688
0.013
0.148
0.023
0.013
0.004
0.034
0.058
4.071
4.723
21.889
0.331
0.938
1.439
0.365
426.963
0.486
1.443
2028.16
13.028
27.034
0.091
0.044
0.11
0.026
0.092
3.27
6.726
0.161
0.021
0.284
0.089
1.639
2.19
2.552
0.139
3.388
34.646
0.001
0.102
28.501
0.081
693.123
0.491
0.146
0.106
70.517
0.114
61.945
24.958
0.172
3.536
103.208
32.076
0.418
0.158
0.193
64.426
1.231
7.284
5.905
5.992
10.697
0.251
7.442
4.001
28.611
0.194
0.015
0.19
0.129
0.446
15.586
3.676
19.832
12.152
0.0
0.138
0.289
0.51
0.019
0.056
357.521
74.455
0.663
0.093
2.229
0.71
0.198
24.548
0.086
0.281
0.269
0.169
0.897
0.189
5.907
1.247
2.014
0.04
0.053
14.137
0.037
0.492
0.425
26.243
98.707
0.143
7.932
4.36
0.167
1.336
0.117
67.347
0.08
0.162
8.966
23.574
0.495
88.575
0.058
0.158
24.75
2.594
0.107
0.233
0.225
0.185
0.337
0.159
0.455
0.142
0.027
0.14
0.007
121.731
0.121
0.247
0.037
3.538
0.135
0.01
3339.56
334.613
0.162
0.031
364.706
0.0
0.137
0.01
1.224
48.251
0.033
1097.418
5.709
0.125
3886.81
0.115
146.9
0.168
0.072
4.166
0.565
0.131
11.192
0.714
10.128
0.009
0.356
0.192
0.113
0.234
0.172
1.831
0.14
1.931
0.521
187.83
0.259
0.07
0.167
10.704
0.219
0.133
93.288
0.376
0.173
0.336
17.752
0.132
18.258
10.501
0.27
0.247
240.011
0.508
3.462
0.165
68.816
0.259
11.126
1.207
6.116
0.671
0.056
0.371
0.742
66.609
31.572
59.826
6.936
0.127
0.113
71.789
1.64
24.805
0.025
269.343
84.733
0.156
23.117
19.973
549.721
0.205
85.612
0.388
8.918
0.551
0.395
124.739
16.918
0.44
0.016
0.121
281.956
6.053
19.336
3.78
299.903
11.562
6.019
10.214
0.142
0.004
0.14
67.025
48.105
36.949
2.227
166.675
0.357
0.016
5.022
21.131
446.062
0.02
126.386
227.697
17.176
2.632
0.41
0.143
0.517
0.577
25.336
177.819
2.594
0.12
18.475
0.144
0.941
0.42
0.196
0.166
1.231
0.146
0.279
1.882
22.147
3.067
20.901
237.368
615.692
484.824
0.108
3.402
3.39
3.238
1.435
11.056
0.0
16.283
10.495
16.18
67.876
198.906
12.009
0.118
0.047
129.1
13.419
0.162
0.146
206.706
0.176
0.228
0.125
0.165
0.111
0.399
18.016
0.168
0.276
123.563
0.574
0.149
0.437
0.363
1.479
0.113
0.068
0.28
1.709
0.444
3.373
0.097
2.305
0.072
15.838
8.431
0.649
613.717
355.245
93.934
278.577
0.233
0.462
0.152
67.511
0.152
1.14
0.044
0.692
0.739
0.228
0.552
0.076
0.369
0.407
0.005
0.247
0.022
0.001
246.359
1.049
0.167
192.309
0.228
0.142
0.475
0.009
20.532
1.829
452.831
3.905
0.149
0.286
93.699
4.01
0.114
161.01
26.216
266.256
0.077
89.911
12.951
0.2
18.162
0.001
746.77
65.354
0.828
0.091
5.635
271.652
3.372
758.046
0.231
0.188
0.045
0.023
0.12
0.026
0.435
0.002
0.004
0.001
0.001
0.165
0.042
0.124
0.002
0.001
0.141
0.019
0.379
114.397
601.667
0.404
715.967
0.124
57.734
1.695
0.474
1.198
573.776
0.155
1.173
0.015
0.174
0.84
98.183
5.186
1.709
6.214
4.226
0.128
3.562
0.085
4.064
16.184
1.773
0.07
0.868
3.096
4.926
1006.429
18.316
0.144
36.124
9.686
0.042
32.126
50.121
162.91
0.882
0.018
5.058
0.173
0.255
10.307
0.122
3.037
0.017
1.249
283.818
1989.732
0.0
0.063
0.104
499.26
0.162
0.759
1.556
0.137
0.01
23.556
0.138
11.988
0.774
12.447
1.167
40.29
8.658
112.323
127.131
336.845
0.054
14.944
35.434
114.419
0.25
0.051
0.291
0.066
22.876
0.674
0.267
0.224
2.807
0.25
0.172
0.246
0.198
268.756
91.513
0.994
9.496
7.149
162.291
2.171
164.276
14.182
0.242
12.531
1481.375
1.827
67.264
8.989
17.392
0.853
23.054
0.085
32.873
11.859
13.356
234.586
30.084
10.1
220.119
4.014
118.719
343.206
205.854
97.06
3.766
22.954
0.316
0.003
0.206
0.02
635.093
0.0
164.564
262.542
173.892
0.102
17.246
566.88
314.734
0.233
49.447
0.119
709.723
0.119
57.032
11.415
0.043
1.553
0.111
1.437
1330.383
6.827
0.301
0.456
0.374
1.828
2.237
0.071
88.278
1.171
2.066
0.141
0.064
1.091
0.115
0.111
334.657
0.042
4171.523
52.158
3.16
1800.718
19.379
0.149
3.79
0.001
0.096
0.081
1897.313
2529.969
1508.486
26.512
66.961
0.143
0.952
1.612
0.001
0.124
40.83
0.914
0.169
0.073
0.165
0.477
0.225
0.222
0.144
0.233
0.025
0.04
0.029
0.106
0.855
0.167
0.239
0.621
30.168
0.001
0.028
0.016
17.475
0.669
0.651
0.152
9.209
59.858
0.274
236.27
0.251
1.243
4.185
101.704
0.144
0.178
0.12
0.038
0.59
69.543
0.854
234.398
0.137
573.863
276.121
2.303
1.055
504.798
0.122
0.046
1.103
17.542
173.888
0.5
0.968
1.317
0.024
4.449
5.457
6582.501
0.597
30.801
0.897
114.358
3.169
414.877
12.907
731.956
169.772
1503.338
32.121
69.83
115.333
0.319
0.336
0.496
0.164
22.192
3.547
85.421
0.159
0.017
0.004
0.349
0.716
117.228
0.001
0.268
0.11
130.504
145.397
0.008
0.185
1.156
0.162
62.703
2.808
8.337
0.071
8579.737
68.227
0.001
1.235
295.302
31.294
319.377
4108.621
5985.94
5332.82
0.0
22.542
5.675
12.746
0.073
0.157
24.487
0.005
0.14
4.712
0.285
4.811
0.199
0.046
30.414
0.138
0.264
0.166
2.888
84.625
1.284
158.692
4.734
0.266
0.002
0.136
56.799
1490.759
121.127
0.148
118.108
0.153
115.353
0.998
454.631
0.671
1.144
0.086
23.226
1.419
1.565
346.477
234.586
0.201
2.157
1.873
0.049
94.694
2.36
3.834
0.222
15.896
0.399
0.803
0.154
0.137
0.667
0.197
6.284
0.203
136.938
288.572
9.444
0.186
2.601
70.557
0.487
360.055
4.147
0.227
0.151
0.061
0.029
42.211
0.151
97.472
17.854
1.743
0.106
3.161
16.797
8.521
15.467
0.521
0.189
4.473
0.178
0.267
3.036
0.171
12.049
0.444
0.198
16.366
0.001
0.142
124.936
141.017
0.486
12.227
0.967
2.749
0.239
197.767
48.016
0.286
0.175
5.509
2.271
49.344
10.84
4.226
3.535
2115.043
6.111
6.276
5263.063
0.275
305.892
0.188
2.003
172.831
14.492
6.266
3.665
0.177
20.197
93.97
0.102
185.77
3.973
68.186
1.943
11.273
0.33
0.211
1.056
0.234
0.503
0.136
0.251
0.008
0.254
6.125
0.165
101.492
12.145
50.452
0.207
36.124
2.957
0.758
0.077
3.869
309.719
0.136
0.427
0.024
183.629
0.053
0.28
0.282
40.539
0.416
17.999
1.007
0.811
38.619
0.171
0.355
0.201
0.142
28.035
61.479
30.191
0.166
0.262
59.738
0.194
6.546
146.417
7.955
9.769
0.305
732.123
1019.501
3703.334
63.607
0.343
0.859
1.018
12.188
0.174
3.821
0.002
0.671
0.002
0.333
0.361
0.836
17.257
1.804
0.002
0.877
164.819
48.96
0.507
3.455
0.029
67.652
22.633
0.0
17.443
6.721
502.837
0.183
17.889
0.177
0.01
0.658
0.317
33.591
2.512
39.078
109.635
0.0
0.193
1196.899
0.226
88.454
0.191
648.733
0.183
1.088
0.326
0.151
0.851
6.367
7.515
0.015
5.782
646.748
0.488
0.583
0.132
0.019
0.369
0.392
0.046
144.337
0.482
203.128
52.259
0.001
0.054
0.003
0.011
0.026
0.009
1.193
188.905
0.326
27864.86
14.177
0.196
1.53
1.926
0.67
0.046
0.304
16.845
2.299
0.274
2.266
2.383
2.544
0.002
140.388
1.065
0.541
382.439
0.162
18.43
0.136
522.962
5.669
0.017
0.005
0.251
1.312
0.047
0.981
0.076
0.049
0.062
700.638
0.171
0.0
32.211
110.614
0.484
5.15
0.403
0.306
24.014
1.863
189.999
172.128
0.211
5.561
1.43
0.144
164.24
0.001
0.203
112.368
0.269
140.58
1.188
0.534
1026.984
1.393
98.649
3.494
3.557
11.315
9.171
1.043
43.564
0.016
0.248
289.485
0.031
22.987
35.286
36.577
1.18
19.274
1.343
48.773
0.507
0.886
130.639
1.457
0.488
5188.063
0.081
65.064
191.439
231.482
6.431
1.109
6.615
2.677
113.874
0.032
1.791
8885.448
6468.449
3.883
26.801
3.864
11.009
0.17
0.755
1904.694
12.303
124.593
0.137
7608.358
3.098
0.24
0.521
1.32
169.207
0.138
0.101
0.108
0.038
0.014
0.011
0.025
67.667
0.554
0.984
0.026
0.105
0.172
5.266
7.201
0.688
284.796
0.179
0.858
0.02
0.449
0.178
0.016
0.172
18.22
306.566
0.171
167.373
129.089
0.181
0.041
0.001
0.198
81.229
23.547
0.029
13.333
0.214
116.605
0.148
11.488
142.495
0.0
500.875
0.164
16.15
0.156
363.625
36.644
61.993
492.907
0.2
18.414
0.249
1.41
239.071
45.76
107.36
0.052
33.871
579.483
0.939
337.2
0.279
4.197
3.024
61.066
6.636
353.899
0.016
0.158
141.534
0.123
0.052
210.82
4.021
0.003
38.025
0.159
388.218
15.826
0.141
0.248
530.896
48.529
19.618
46.838
33.301
16.208
23.723
0.272
27.669
51.904
0.146
2510.206
139.8
45.847
0.86
7219.509
362.454
18.234
0.215
2.371
0.048
23.733
46.374
0.087
0.074
0.621
0.103
0.047
0.331
0.122
0.129
186.089
5.171
2.357
0.304
0.146
0.39
0.068
3.085
0.359
8.092
10.568
2.026
314.631
23.559
0.109
23.261
0.235
0.46
0.191
27.176
0.071
7534.263
14785.619
0.578
289.296
327.676
0.111
6295.803
3082.935
169.809
0.013
112.896
1.178
23.186
14.809
110.761
0.154
0.312
0.053
0.296
0.068
141.957
0.039
96.537
98.538
0.33
110.549
27.43
138.539
168.584
42.587
282.637
3.438
173.348
777.085
1683.316
28.981
2863.688
8.193
3.744
1.068
98.69
0.249
5.15
71.461
2955.246
0.146
0.377
0.52
4.492
0.007
0.834
4435.181
430.628
9.631
0.82
12.315
9.662
4.515
0.129
1.411
14.84
6.467
18.41
899.39
158.414
1.29
0.279
237.13
79.981
45.539
0.224
1.599
90.395
2857.568
0.188
2.208
1.06
0.003
0.187
917.622
0.003
3.557
1.609
4.974
10.544
0.209
4.586
0.002
0.218
31.79
504.236
525.711
0.016
0.145
0.061
0.591
0.445
0.099
0.184
0.086
0.185
3.368
2014.722
0.052
0.033
1.016
1630.816
22.416
1.514
29.251
0.013
0.18
431.987
44.139
0.176
1.149
1.973
1.134
72.679
0.001
0.203
0.173
263.124
73.394
0.002
0.153
319.798
0.191
1.994
0.163
0.691
0.08
338.773
307.089
0.032
0.195
0.154
268.76
0.143
21.216
0.201
6.214
176.985
0.161
238.68
0.311
0.193
0.012
0.099
0.033
0.198
0.443
0.002
22.942
6.653
38.559
901.462
9.036
337.79
0.0
0.339
18.832
2.863
1.923
148.361
310.291
0.009
17.935
0.504
149.999
0.004
4.209
16.591
97.693
0.343
1.108
1.163
3.528
0.047
0.259
16.113
0.153
0.593
0.417
0.081
0.509
0.061
22.724
357.549
0.402
4.282
0.318
5.566
2.035
3.169
1.109
15.09
0.069
312.788
0.201
0.265
4.724
242.532
0.182
2493.975
24.378
0.059
818.335
0.058
25.277
167.261
0.564
22.055
7.506
0.308
0.117
0.045
0.155
0.157
0.359
2712.772
4.548
2.214
0.355
297.65
77.83
75.217
75.341
87.096
0.339
1.043
0.273
0.033
0.006
0.749
0.489
0.08
0.033
2566.767
2801.802
0.383
2789.616
0.478
0.12
0.008
10.307
723.345
0.059
22.642
0.646
0.111
0.066
0.125
66.304
4398.491
1.059
2827.756
0.176
662.788
1.083
2154.727
2.781
122.209
1.33
0.001
3.699
0.015
24.621
0.034
0.019
1.265
1.58
24.279
42.215
74.831
0.412
0.784
0.025
30.635
13.6
9.183
138.279
1.022
16.962
43.372
77.909
7.1
39.523
8.441
5.015
10.744
12.807
10.592
13.171
936.634
6174.368
59.672
491.025
48.445
19.313
3110.14
437.859
1.77
42.647
0.268
3.097
0.297
1.257
0.474
1.268
0.125
0.439
2.429
0.472
0.128
0.355
15.637
20.098
29.662
3.984
1.177
11.343
2.524
0.055
548.201
571.151
0.369
1084.626
0.061
41.045
0.086
4.118
0.339
4399.315
494.584
0.128
0.101
0.224
0.573
0.08
88.942
82.949
15.706
0.189
0.185
1.252
0.185
0.289
0.369
0.003
0.17
19.54
52.648
0.221
0.219
25.157
457.174
0.805
0.001
0.067
142.878
0.355
0.224
0.34
19.901
24.089
0.518
0.069
0.779
1.022
0.124
833.719
0.222
7.42
0.001
486.447
104.714
37.233
196.713
0.297
782.569
11.277
27.344
1701.905
9470.127
1453.948
295.743
0.064
631.809
360.391
164.507
1.732
0.204
1064.282
0.378
0.15
0.009
8.806
1295.27
0.192
127.509
0.001
0.324
350.414
1.682
0.39
0.546
19.412
0.378
21.003
0.038
17.421
20.836
109.764
85.676
861.144
479.208
0.001
0.735
1099.183
309.706
0.186
1373.753
0.666
0.301
64.418
0.107
0.735
11.095
1128.736
0.122
26.231
241.066
0.217
124.234
136.048
80.589
1.995
0.316
0.258
0.079
0.104
1368.406
185.919
0.175
433.628
0.03
2.892
790.49
0.354
622.77
0.425
0.279
0.026
0.537
1.768
21.677
46.049
2.279
0.399
114.284
48.014
0.205
652.282
3.204
21.024
11.694
5.726
5.915
0.564
0.237
0.514
0.246
93.429
140.684
241.794
148.849
45.926
0.555
307.027
1.379
70.506
0.018
0.017
0.007
0.035
0.174
0.116
0.166
0.073
25.347
0.854
355.604
574.49
0.0
0.012
68.708
0.478
0.147
0.003
0.077
0.111
0.001
53.182
0.084
50.71
0.121
0.0
36.766
4578.019
6024.554
0.519
14.389
0.521
21.783
3.283
1328.03
163.409
0.0
1.556
41.12
0.509
1.951
0.003
12.853
0.0
409.662
0.454
72.109
0.436
0.923
1.632
1.562
14.982
0.264
143.573
0.361
109.304
12.676
0.033
1.625
239.124
2.122
0.39
0.497
640.566
0.0
0.087
0.272
189.466
0.2
4.171
427.06
0.001
0.074
0.183
1542.622
4.791
1607.222
13.772
7.71
1.549
39.501
0.022
16.592
1.457
173.621
129.949
2.853
22.323
79.969
18339.383
0.494
117.507
27.092
0.055
49.797
0.073
1014.407
2303.343
0.613
0.284
1105.886
259.67
17.936
0.709
313.633
119.764
0.015
71.854
0.513
0.197
0.001
0.54
0.211
0.336
1560.727
1.033
73.746
0.224
23.284
0.614
0.301
28.633
0.345
21.03
3.089
0.346
26.29
22.915
1.105
119.896
18.015
1.174
17.089
0.656
4.014
1.532
161.889
98.716
0.406
0.441
22.657
0.002
0.32
0.182
40.124
25.258
0.384
63.988
2.572
51.304
0.348
4.91
0.525
14.473
0.001
0.396
7.409
0.366
223.941
0.341
227.19
0.351
378.258
0.001
0.337
423.731
94.266
277.103
233.348
66.642
127.684
0.326
32.819
471.664
0.358
16.596
0.393
786.524
6.41
247.631
677.265
0.417
448.514
0.002
0.319
468.171
0.012
0.514
70.029
0.362
1.628
1.494
1.043
0.003
0.36
0.0
0.252
0.316
1342.669
0.74
1342.189
0.456
122.171
0.275
11.862
1013.026
1.647
10.599
132.056
4.012
0.346
192.597
0.359
109.902
0.001
0.585
0.92
0.113
0.064
100.22
5.061
326.969
0.066
0.063
0.836
0.077
0.028
0.422
30.636
920.268
4.986
1.967
967.401
0.009
14.204
0.824
36.871
0.001
137.971
48.924
1.344
0.213
0.6
46.286
0.357
10.204
0.14
0.383
0.33
0.418
0.15
0.363
0.021
0.08
0.265
0.536
1.097
0.929
0.072
226.708
16.997
54.314
1.201
12.818
167.471
5.092
19.57
3.37
2.046
0.414
21.285
2108.049
2725.82
42.574
4968.162
31.069
0.285
100.292
452.875
0.259
360.822
88.218
6.754
0.128
0.588
7.757
0.341
36.017
23.674
397.419
0.322
548.631
4515.146
2004.566
500.25
487.126
647.497
8002.914
1.449
0.882
10.65
8.607
11398.7
8483.468
0.0
0.044
0.598
103.178
15.459
0.602
12824.441
0.0
84.466
1.105
0.127
0.372
1.102
0.169
0.718
0.095
0.942
7.763
14.846
0.985
6.301
0.0
0.313
14.377
239.776
0.26
0.158
508.347
0.153
73.436
0.0
10.062
20.058
73.097
1.638
0.105
652.446
850.564
0.0
0.311
419.431
680.626
0.37
20.064
0.692
0.457
169.463
43.604
0.363
503.367
1.561
3.863
0.109
0.384
12.542
83.008
9.499
10.989
0.464
0.449
18.645
2.303
6.887
100.771
0.702
121.009
0.001
4.631
24.385
2.136
101.485
0.556
37.749
119.291
6.806
0.779
7.4
9.061
9.644
14.269
1119.823
50.971
0.815
894.891
0.378
199.904
36.976
4.426
293.336
20.718
21.064
2.485
0.771
69.274
0.287
0.022
1.463
311.132
53.399
0.343
21.826
0.006
18.232
0.063
1.164
0.167
0.411
0.04
1.445
5.172
41.925
15.391
4.224
0.106
0.498
0.108
3071.613
1.645
34.006
0.047
7.118
188.909
1.997
33.09
1239.65
47.254
0.358
328.689
6.184
0.021
1.133
127.587
0.001
58.383
58.653
0.415
303.91
5.273
2.293
1.361
0.169
0.033
0.176
0.897
2.121
0.392
6.783
0.773
0.039
0.092
0.044
0.46
1379.239
60.507
0.257
0.398
4.962
0.229
2.816
16.036
0.169
0.028
0.548
158.618
9.762
0.416
22.451
0.511
180.947
10.531
4.079
7.889
0.142
25.702
20.888
0.388
0.116
0.022
1.408
0.044
0.032
1.297
0.456
24.573
0.002
0.344
47.154
184.276
0.96
18.698
12.474
0.012
0.533
219.951
0.352
220.191
2.677
42.859
0.482
115.11
0.003
0.524
14781.938
68.616
8577.737
16.864
64.566
55.141
0.334
3934.994
6.236
19.799
1.795
6.008
2058.889
771.501
28.466
107.779
28.438
0.605
0.341
1579.118
488.867
446.041
0.081
2359.253
0.002
0.346
9.192
46.67
0.387
46.228
2.476
0.002
2.344
0.024
0.245
17.004
0.676
0.233
1.827
1022.716
3.821
0.001
0.334
1.241
7.001
42.452
0.375
142.148
91.889
0.49
0.804
1.322
0.38
144.06
42.604
362.743
16.572
28.6
0.398
601.593
0.388
93.179
1.292
1.245
68.377
387.62
49.521
20.611
0.378
7.433
136.089
212.897
47.064
2163.284
45.265
0.285
0.407
214.295
0.354
73.43
11.746
0.004
0.448
42.322
298.006
0.26
0.171
74.13
182.032
8.259
0.263
20.825
358.389
0.899
68.617
384.77
37.788
0.052
37.261
156.017
524.41
37.665
86.538
16.054
2.588
0.035
19.773
3.352
0.203
0.429
0.01
0.472
1.336
13.529
0.373
13.775
0.001
0.414
128.593
0.501
2966.252
162.581
0.439
0.417
203.277
1.335
984.753
12.02
1486.334
0.33
70.876
881.612
532.117
0.288
2.28
0.417
3139.661
0.343
0.0
0.688
0.003
0.07
0.321
0.378
2.641
116.709
0.397
1387.629
2.482
0.356
2.886
0.23
16.374
0.444
6.285
0.329
474.137
7.731
18.809
1.876
4.661
105.497
3.134
0.133
1.386
24.343
0.796
5.554
18.151
168.361
71.305
0.284
37.375
0.279
39.238
0.281
871.928
0.288
5.535
0.278
844.295
0.319
1004.172
129.248
41.825
160.634
0.301
0.911
198.345
0.0
17.111
27.681
1.582
91.587
31.009
1.503
19.952
0.026
1.374
17.808
840.91
0.002
0.295
336.215
0.255
2.499
0.002
39.858
18.851
7.885
308.939
18.435
5.473
0.147
1374.163
1056.657
0.256
0.003
0.306
1.461
2.319
29.204
1.472
2.208
84.304
82.237
38.027
4.298
29.203
0.305
38.027
0.294
144.379
82.537
117.855
0.001
111.245
28.833
12.282
4426.971
4.801
14012.791
1144.007
17838.336
2099.66
87.895
23.998
1821.573
1738.525
4973.944
2.084
1.959
88.806
3506.786
2775.84
911.515
19.37
4751.177
599.476
358.431
6.437
669.021
10971.486
2014.766
427.919
3560.497
130.066
0.308
21.106
0.003
0.25
0.227
0.133
1.519
66.83
10.932
6.048
1.393
0.022
0.0
33604.399
12.277
0.0
47.351
0.081
0.0
199.991
87.468
0.639
3.324
0.001
0.176
21.33
0.0
0.497
165.581
94.078
23.714
139.864
0.349
2.189
0.589
0.0
71.314
1.603
45.746
39.695
1.055
0.696
75.512
2.906
2.958
64.311
269.818
0.53
19.643
145.795
14.887
325.392
23.785
44.209
0.0
153.023
2.808
89.093
0.0
10.616
35.875
7.761
24.684
30.816
0.25
6.496
0.289
3308.956
310.412
0.706
19.23
0.0
0.581
0.001
67.815
32.902
23.316
9.62
0.301
84.817
31.6
0.303
15.864
1.029
150.773
0.297
98.392
0.429
1.505
0.002
0.332
406.859
38.916
0.244
1.81
0.001
0.304
80.464
0.002
0.297
80.147
0.288
5.556
116.744
0.288
23.239
435.807
75.281
41.803
81.897
335.7
0.005
0.111
0.188
0.0
32.688
0.002
2.797
0.0
16.336
0.165
0.136
1.669
0.297
1161.202
0.003
0.71
447.342
1257.246
0.353
287.457
0.034
27.893
2103.549
47.025
0.297
0.216
53.935
600.586
96.003
432.147
299.106
0.0
0.011
618.927
0.292
241.875
0.168
2329.535
0.28
3676.42
0.001
703.831
25934.219
3383.881
2935.869
441.027
610.433
2809.476
2048.331
9.751
195.3
0.0
44.919
0.039
811.485
55.127
10.978
6.292
0.0
0.522
20.547
101.243
3134.527
54.264
40.494
0.001
604.51
0.282
3210.217
30650.28
0.0
0.423
2.04
0.366
3500.424
4.024
1.724
0.0
2923.153
3.257
0.001
8.239
380.896
1934.166
20136.351
0.0
0.268
18.441
0.27
1.611
0.703
0.0
594.311
22.393
3.962
20.305
216.046
0.298
1.143
0.297
3.489
2254.214
124.767
0.299
63.353
0.957
89.125
0.04
0.142
0.017
0.678
336.988
0.081
0.444
47.977
94.109
50.823
0.07
2711.135
0.003
0.26
79.331
0.406
258.734
5.22
191.084
2.723
432.008
695.523
192.637
0.431
45.494
0.367
23.528
67.891
8.748
45.69
114.336
75.004
502.499
149.549
20.068
1.501
0.0
27.707
0.002
0.143
0.151
0.021
0.049
0.524
0.246
0.297
47.174
3.943
0.953
0.454
0.285
2462.297
399.831
0.733
142.813
0.003
0.301
144.206
0.002
0.318
146.626
0.001
3.337
0.0
144.577
0.004
0.299
190.32
0.296
136.489
176.572
0.285
313.837
0.024
16.547
0.0
488.276
13.518
0.303
640.195
13.416
2.67
0.138
708.502
0.325
3.335
0.599
162.607
10.933
88.654
144.713
12.992
79.945
665.326
0.308
65.575
0.107
1.901
141.375
0.419
0.401
0.306
29.563
93.538
263.995
2962.592
0.007
0.062
0.597
15.418
15.979
0.048
78.754
0.331
820.777
421.602
27.425
12.344
2089.475
0.139
0.307
119.001
3314.294
0.054
0.013
110.035
3729.109
0.592
0.748
5409.45
0.05
0.076
506.83
6.669
4442.574
423.035
0.225
6367.278
1.295
0.54
3842.052
135.921
4.754
0.082
2688.365
0.0
87.355
0.007
0.141
13.357
0.305
4.98
4.813
1.838
0.911
0.006
22.556
0.0
53.655
44.489
1476.244
67.505
188.499
12387.935
0.0
0.311
43.068
0.707
0.0
2.757
43.611
0.234
5.169
7.597
0.021
0.272
35.219
92.87
3.827
17.704
0.24
0.14
76.857
0.92
2.227
94.899
0.583
12.023
0.115
0.146
41.844
0.824
0.699
21.848
508.194
135.62
0.025
40.104
0.0
2.168
66.021
0.945
29.489
0.0
19.652
0.654
215.641
0.002
0.81
0.0
79.773
5.227
605.641
5204.641
7751.385
0.001
0.275
62.384
59.208
33057.519
2761.663
0.0
604.398
5.814
0.012
33854.452
1010.906
0.0
286.924
0.815
30142.801
1010.329
0.0
0.298
1979.219
0.084
43.225
16.203
22.641
77.597
1.633
0.653
30.763
0.002
0.483
0.0
29.03
48.032
2.456
16.123
272.94
73.823
617.023
511.009
38.519
59.959
55.789
658.314
0.0
0.407
6794.99
0.0
591.215
0.334
208.067
356.744
0.556
27.391
0.28
142.514
0.002
0.303
228.854
176.928
0.348
26.531
21.863
3.566
0.055
0.609
0.136
243.452
0.279
3.637
1.299
224.58
11353.546
0.384
0.046
0.053
26158.542
2.898
0.029
23.712
2.974
143.887
0.618
59.699
62.881
2.585
542.045
44.099
404.124
60.9
106.062
958.643
0.0
1.516
992.864
23.029
2969.028
0.0
131.931
8303.204
1003.549
0.309
47.852
608.363
13194.307
2519.905
0.32
28.399
1.528
163.349
0.001
0.313
163.057
0.379
0.979
0.927
0.641
0.251
0.906
0.25
0.561
1.907
16.825
10.199
0.724
60.742
10.538
16.344
1.751
311.447
1.624
1.507
5549.444
329.811
0.385
16.95
2.711
39.865
6.325
261.918
196.721
0.162
19.442
3.791
2.283
1.53
24.804
13.772
74.312
472.072
184.803
0.0
0.455
198.819
17.676
322.395
0.001
0.386
3.458
0.004
0.304
4.466
4.503
9.091
0.077
1.54
2.074
2.364
10.034
0.314
161.186
74.822
147.436
151.719
17.749
0.365
0.04
993.95
0.319
67.946
32.596
0.0
119.997
0.0
0.328
2.371
0.321
89.972
52.712
0.311
2.452
0.332
127.574
265.235
0.336
0.494
17.02
0.645
844.198
0.551
15.234
6.371
3.896
9.464
10.504
335.444
3.988
0.019
16.032
336.899
786.97
0.506
13.145
0.155
1.318
4.656
0.304
125.348
15.455
3.257
21.766
22.544
0.0
1851.182
30.908
50.756
0.115
24.971
0.091
1.047
0.05
0.326
779.943
0.658
0.662
9.564
82.53
3.597
67.947
615.093
9.171
19.006
1.722
1.395
22.42
69.698
8.754
714.612
0.379
22.884
0.418
0.939
0.041
65.517
0.712
22.836
0.856
0.313
21.779
101.754
0.911
19.667
355.386
1.899
0.119
23.509
4.248
18.848
432.11
2.225
58.55
34.106
17.558
433.771
171.379
41.668
172.221
0.244
43.905
0.894
0.261
19.288
55.778
0.0
0.678
65.622
379.516
727.749
71.048
910.515
0.195
0.247
2.456
93.508
19.589
5.113
0.005
0.271
1383.138
55.736
690.959
0.406
501.471
0.307
29.799
0.134
1.255
0.098
18.558
165.922
480.012
0.729
3.526
2.866
23.063
0.302
1.17
2.767
526.794
0.358
189.02
0.381
1.55
50.043
112.764
691.941
26.456
19.946
0.846
0.239
3.633
0.471
7.013
0.244
32.574
0.001
0.229
57.103
0.002
0.237
59.216
23.788
36.366
0.001
0.368
34.381
0.354
0.022
0.005
316.661
0.244
709.137
0.447
0.005
0.254
41.252
0.162
0.053
0.041
0.174
30.096
126.345
1.817
135.039
9326.04
59.322
0.036
13963.378
666.924
0.537
0.109
0.282
51.933
1910.832
0.241
46.047
0.242
54.044
0.415
47.026
0.001
0.232
47.559
0.001
25.025
148.947
0.399
48.517
0.277
3.615
0.774
4.127
0.707
6.497
4.924
13.171
0.203
0.0
2977.696
0.517
68.039
2.963
12.392
1.258
164.156
0.259
50.783
0.263
2.139
17.865
861.26
118.293
0.392
2.904
0.345
3.133
0.249
0.255
0.252
0.168
2.664
0.293
5.536
0.366
0.234
7.023
46.472
0.11
3.779
20.594
337.446
0.001
0.447
61.788
405.337
0.217
309.129
0.287
365.447
4.919
654.428
0.0
22.637
791.478
0.631
162.101
0.269
410.682
0.25
7.364
23.356
24.329
0.274
15.741
0.311
20.644
0.211
2.42
1.589
0.895
0.207
92.748
0.29
12.582
0.322
0.767
1.454
0.269
678.236
0.237
0.067
0.284
2.781
0.563
558.87
0.23
818.781
0.234
168.971
1.056
829.339
0.2
9.582
7.306
0.002
18.906
0.242
64.481
924.806
0.001
0.306
94.768
237.893
94.716
9.816
1487.065
0.312
2521.901
0.255
677.908
0.002
0.835
15.056
2923.474
250.038
5876.282
3067.238
15895.601
0.0
0.338
5.775
5.075
8.567
0.204
30.444
0.212
25.632
86.273
0.648
0.949
61.732
22.087
24.108
27493.442
0.0
0.673
123.666
20.011
22.01
12.538
805.451
304.255
1403.361
514.581
0.429
9.437
260.981
2430.046
0.284
29.958
5.404
7.321
64.502
140.575
23.794
194.079
238.232
281.414
2460.008
0.156
42.238
349.159
0.002
0.243
1155.3
5.618
777.389
835.286
223.864
0.003
0.252
12.622
1.131
0.0
193.474
0.291
332.17
2956.246
42.694
5.19
5903.183
0.261
47.784
0.289
2467.116
244.442
6635.385
0.258
5.425
0.529
0.248
28.55
55.641
0.344
287.275
133.329
94.499
1646.386
396.116
13.419
102.897
261.688
0.003
0.63
19.034
0.473
20.129
0.01
8.705
0.244
0.904
177.676
0.246
7.92
114.698
0.803
49.253
2.764
168.066
16.648
95.602
729.543
0.282
19.008
11.018
31.619
214.844
0.147
1.044
10.008
206.327
8.26
138.906
0.497
3.2
51.223
18.677
72.932
10.772
35.388
806.864
0.339
49.42
0.112
237.448
244.799
21.907
0.255
398.154
145.917
21.441
0.002
0.368
0.159
1724.576
0.214
682.998
0.001
3.229
38.942
4.234
6.18
528.752
0.274
1.119
16.762
0.014
0.578
0.408
76.609
2.414
0.123
0.641
1.232
14.489
4.411
0.552
1.285
8.584
166.626
96.789
87.552
20.08
23.127
4.901
0.254
34.545
259.092
0.296
0.636
1.276
23.931
604.429
1265.849
1.286
195.089
0.26
0.15
0.035
17.708
37804.118
116.279
163.027
12.121
50.231
0.342
0.055
2.589
48.91
0.309
139.792
0.062
0.924
0.011
0.366
3.589
0.282
13.448
0.276
9.885
0.272
10.758
0.379
22.733
0.571
1.258
22.562
282.237
220.528
137.974
5.017
0.378
2780.391
0.63
19.055
0.295
18.926
2.363
5.119
2336.89
6.373
13.845
55.278
41.409
23.3
869.395
523.592
17.906
4.063
18.734
226.585
187.342
17.506
75.761
29.433
0.36
0.263
0.255
455.804
0.934
0.056
0.104
50.801
4521.257
161.146
71.776
13.531
0.303
4.525
24.186
0.081
0.368
2.892
5.109
33.014
17.449
18.148
1.615
579.735
0.339
378.088
1.822
83.528
0.041
0.255
1.701
7.603
30.867
9.105
0.637
26.479
60.958
12.245
0.189
526.873
0.289
484.786
0.272
17.895
0.283
9.346
1.704
4.146
3.817
76.716
40.801
0.007
7.173
6.144
6.096
122.444
0.367
17.203
2.931
0.757
0.948
0.761
19.246
6.419
13.878
2.07
0.268
23.113
2.439
68.781
141.139
0.292
0.807
0.277
115.832
0.288
0.341
0.383
0.25
2102.689
0.273
131.466
5.103
0.771
10.982
5.066
2.852
15.516
1.426
0.074
21.401
0.276
22.408
0.288
21.649
0.583
40.69
0.899
1.416
204.164
0.238
0.125
74.465
0.017
15.758
0.547
626.616
4.414
1.238
14.872
66.047
123.652
88.775
0.282
115.409
0.266
117.653
0.283
2.395
28.113
0.282
69.303
17.567
0.0
187.004
0.094
0.089
0.102
22.039
1.657
0.224
95.688
215.916
408.937
87.128
5.158
0.508
0.719
0.371
2179.904
1603.942
142.139
1011.019
0.001
0.316
5.847
20.162
176.329
427.858
0.022
1.974
1056.063
9.584
0.0
0.293
34.466
0.899
215.366
0.305
331.357
104.126
2.294
10.12
76.39
112.895
30.221
1.303
55.483
0.298
503.239
96.442
0.096
70.636
475.017
1.565
116.289
19.316
0.282
0.231
126.141
24.818
2.679
17.346
0.777
7.706
0.183
3.184
5.831
4.763
1.324
17.659
6.503
75.761
0.114
1.547
0.13
4.82
8.841
18152.318
0.0
0.328
58.444
0.202
0.695
3.35
7.712
89.506
51.719
23.202
96.047
3801.109
44.91
211.555
1727.567
0.003
0.281
281.084
0.376
15.813
2.999
19.781
1.397
14.046
0.324
484.906
19.771
80.555
259.128
310.917
95.153
9.954
294.074
1.547
452.117
113.182
0.009
3794.297
1419.516
0.0
97.272
0.289
54.693
0.078
0.245
622.692
0.456
7.043
0.847
3.025
1.348
2.337
0.292
21.547
0.288
164.068
0.292
402.098
0.73
2.989
0.321
2.782
0.305
0.854
0.277
10.357
2.169
196.847
70.749
77.332
0.124
18.798
580.333
0.449
27.353
1079.686
12.351
0.001
0.091
0.383
0.252
14.63
0.761
13.653
0.986
21.013
0.178
0.363
15.509
145.737
1521.841
8.148
121.608
150.713
1150.442
1708.367
4779.592
0.287
1.073
14.365
1871.591
9.521
1957.949
0.27
0.171
1.205
4.438
106.487
0.499
0.188
0.508
70.453
0.299
74.678
0.8
20.048
18.679
7.634
93.563
1743.988
30.784
6.139
0.282
0.054
0.0
0.321
37.599
0.092
0.078
0.396
0.064
18.69
12.167
0.0
0.293
3.076
0.122
0.173
0.323
25.114
0.734
153.432
33.603
0.287
53.374
0.283
55.258
0.449
0.002
2.199
0.492
24.692
21.678
0.744
4.092
2.596
208.418
197.808
0.294
28.075
0.107
6.224
13.862
57.171
1.161
167.653
0.003
0.239
0.032
1779.272
555.549
976.315
40.387
34.42
240.323
63.725
2.991
1.979
89.745
0.287
701.676
0.624
65.631
0.315
15.199
35.443
55.495
21.085
671.751
23.331
0.644
22.651
4.179
2.691
277.728
3.506
315.215
0.421
1.646
0.333
0.015
0.37
0.108
53.008
73.449
0.004
0.182
12071.88
9.768
0.207
0.102
1.901
0.299
423.31
0.001
0.171
2159.434
1.963
23.237
0.217
288.494
16319.65
1565.412
146.125
10360.036
0.408
431.394
1.067
118.272
162.265
160.458
0.294
520.336
40.403
189.784
16.419
0.339
192.109
0.312
11.985
0.102
0.121
0.098
16.599
21.953
1.21
1.956
39.409
120.469
0.407
432.277
0.603
15.612
47.963
0.147
3.666
0.507
19.506
119.416
0.316
91.481
0.385
23.16
70.014
1.774
5.064
21.293
49.652
0.615
121.876
33.354
34.664
90.845
45.967
4.959
30.604
0.297
189.827
15.123
0.136
144.795
0.0
3594.399
12.14
11.271
1.938
172.464
0.759
0.487
0.227
0.786
9.994
664.066
1752.051
100.094
154.877
6.622
0.71
0.495
721.131
43.163
21.502
30.946
144.634
355.373
18.843
26.122
2.004
41.551
0.345
2.706
0.004
107.66
67.508
0.33
1.093
47.1
93.464
0.015
330.09
0.315
48.79
22.787
72.182
73.927
0.039
17.428
0.362
113.224
0.409
18.38
6.324
229.907
0.305
103.297
5.094
0.682
25.076
0.738
48.678
0.384
0.318
47.856
0.402
618.396
0.419
22.905
0.435
20.746
2.129
159.307
0.251
4.958
2.753
1.821
0.063
0.402
106.062
14.164
240.804
445.915
0.02
48.339
32.144
2189.675
105.326
79.93
0.363
60.824
21.576
0.027
0.086
0.087
7.904
15.697
0.873
38.641
75.33
384.458
906.502
173.726
0.179
260.999
46.369
0.289
1842.624
0.277
170.565
78.201
359.954
0.228
28.989
161.155
5829.518
2330.361
19.942
4.965
39.078
6.411
1.31
1.602
845.39
2221.989
11.511
156.383
478.743
0.347
6.157
0.001
1.749
141.113
0.383
0.037
0.363
11.253
3.051
0.24
21.703
0.029
0.065
2.469
0.109
0.21
1.948
0.085
2.931
2.056
0.211
13.188
0.821
8.518
14.64
3.32
81.946
0.704
403.711
0.487
95.566
3.917
61.556
1696.054
324.728
0.21
72.837
829.388
4156.883
0.692
17.069
0.974
472.544
2.803
1.257
0.408
0.072
9.607
43.147
0.206
3480.797
14.165
41.071
464.308
3.368
161.369
113.296
130.4
184.189
272.79
0.261
71.337
2.47
968.016
86.541
6.967
23.387
11.628
21.651
1.632
305.337
25.386
2.825
344.119
0.003
0.026
0.031
0.089
0.544
0.123
18.75
0.0
0.47
8.246
0.285
9.708
14.93
140.8
2.123
0.059
14.113
274.098
10.373
2.865
11.852
93.093
668.876
280.644
0.591
3.184
20.278
79.548
3.517
11.869
12.802
0.162
47.108
4.495
21.895
118.876
37.014
194.794
69.78
4.186
1.252
13.396
82.232
0.024
76.26
22.373
144.982
0.843
18.774
5.023
0.019
14.161
0.484
274.052
495.954
0.002
172.203
22.06
7.664
0.262
70.548
4.553
58.711
1808.784
0.467
127.055
0.479
122.486
0.02
7.692
0.874
0.049
14.693
0.62
0.117
1.57
0.161
0.17
3.762
48.182
66.826
13.82
8.421
9.018
0.005
0.483
13.399
0.938
0.021
0.004
0.294
2191.638
20.744
2.954
4.969
788.592
0.252
6.494
254.778
866.82
103.491
0.012
47.295
0.156
2.466
17.565
0.04
26.366
0.112
11.886
0.046
12.363
0.179
24.619
0.551
0.017
0.238
3184.124
0.478
67.531
24.752
196.601
17.446
31.032
87.914
0.552
0.621
0.588
31.199
113.286
1.464
14.221
0.489
342.91
0.837
19.591
0.473
4733.856
2376.194
3.47
861.481
0.501
26.191
0.452
73.101
2.333
10.757
57.334
156.769
702.455
620.018
24.225
117.746
0.242
111.761
6527.921
0.464
39.467
257.509
299.579
38.236
0.002
76.83
146.938
92.282
930.211
1511.96
1.49
0.189
499.961
0.1
0.305
989.24
18.96
681.772
0.572
2.486
0.019
0.272
71.874
61.646
8.95
341.017
0.081
19.3
2.683
3419.534
0.406
0.568
0.115
0.346
21.426
41.532
266.095
2.442
0.097
0.87
240.705
164.153
433.562
47.2
283.709
5.417
35.483
10.177
159.832
0.55
0.234
1.277
1.912
0.409
0.122
15.258
9.641
3.676
11.276
260.848
0.498
17.563
158.878
6.99
0.421
1.659
20.153
0.862
0.345
6.781
0.003
0.22
0.267
0.02
0.87
66.194
0.0
1.45
0.321
131.333
9517.783
71.441
69.339
122.738
41.169
0.419
33.729
8.199
2.865
0.263
4881.132
19.06
11.087
14.426
0.0
1.741
380.793
150.934
45.589
1.312
53.04
12.121
1.605
4.538
4291.669
2.251
152.53
0.934
37.922
81.273
10.152
3.068
0.003
0.333
8.751
0.487
369.945
121.76
2.148
2.777
5.791
37.739
0.345
2022.212
1179.083
2076.261
124.994
594.168
944.546
11.61
350.316
145.035
16.089
38.89
12.59
69.35
2.597
11973.753
34656.764
90.131
0.417
11.08
0.425
142.634
0.435
148.544
109.245
0.545
22.376
0.81
22.078
39.831
0.765
1.045
152.773
0.362
18.693
4.941
17.311
0.513
16.834
46.004
162.852
504.678
0.002
2.884
17.77
21.902
0.763
2383.51
0.701
9434.392
8013.803
22.065
1059.473
0.646
33.649
64.784
244.643
0.495
648.04
2.094
0.042
45.13
1.628
730.237
0.001
0.826
13.505
0.498
21.351
0.434
624.898
52.686
765.257
0.0
0.498
9.16
0.549
8.352
15.119
338.186
99.26
909.476
98.249
0.199
1.857
664.945
1364.699
5116.487
5924.597
31.823
5683.499
10061.412
1.33
0.0
3.143
13.456
4.101
10.346
1.614
0.476
338.33
8.943
350.915
720.819
1.107
118.369
45.814
0.716
1.837
0.652
1.883
10.597
2.133
45.663
0.001
141.721
190.551
58.067
0.051
0.139
8.963
1.036
13.115
348.235
329.384
195.776
4.114
23.571
16.506
0.759
36.788
3.635
111.674
5.773
0.19
0.526
124.831
0.084
179.291
127.629
167.212
7.094
101.007
25.036
1.563
41.989
848.409
6.726
0.0
0.011
3.318
0.805
0.184
14.599
9.04
0.526
5.197
43.123
2.072
12.748
11.842
150.875
0.702
3.312
258.176
33.919
66.323
4.991
304.459
0.736
1.07
0.455
1.891
18.048
2.497
22.019
4.694
93.344
1.754
0.706
12.878
25.042
45.49
89.049
1.625
16.127
14.639
49.959
54.274
20.585
0.577
3.566
5.061
42.535
21.526
0.51
2.577
12.581
12.326
452.598
28.171
0.352
0.299
0.337
0.285
1313.57
0.73
19.211
0.585
5.439
24.975
1.369
19.14
50.692
6.932
38.283
1521.428
694.742
0.181
1.525
1.688
12.181
29.279
0.173
1.098
0.168
3.792
1.978
3.03
844.667
0.146
5.959
0.001
123.218
186.064
0.473
85.649
80.156
32.418
0.164
1.539
0.193
70.307
0.317
6.26
3.869
0.102
148.495
0.104
112.462
525.749
9.521
0.109
1.097
0.221
0.279
0.101
13.363
242.063
0.197
0.027
331.744
2821.423
0.151
8.747
0.002
0.028
0.149
17.669
1.271
0.537
0.313
0.409
0.011
10.009
0.149
0.07
16.421
0.025
0.225
0.001
0.301
0.0
17474.072
1100.402
1247.812
99.651
236.774
2.133
1.43
0.662
18.837
1089.891
3.229
427.025
22.1
0.021
5.681
1.648
0.196
741.638
720.018
842.29
1023.59
0.676
10.167
11.398
0.316
0.188
0.028
27.043
0.098
0.24
0.116
0.333
0.289
5.944
80.204
298.325
14.542
0.219
356.103
0.17
182.544
0.164
624.06
0.246
45.365
11.434
1.772
0.554
6162.701
2188.324
361.436
1249.688
262.439
237.966
70.703
0.246
0.781
0.256
0.525
0.517
1.4
0.004
0.219
0.751
0.947
0.044
0.205
0.612
0.308
2.901
66.968
0.116
0.138
0.311
22.086
0.169
74.946
734.4
0.168
2.989
18.045
0.047
1488.153
0.002
13.086
9163.145
6134.519
0.469
337.638
596.761
10.15
5096.865
0.003
23.101
16.609
0.321
4.88
302.309
16.482
40.967
103.437
189.971
3938.199
0.002
0.263
0.421
15.745
220.404
5.477
3190.342
0.003
0.788
0.671
0.142
0.807
17.106
1972.975
0.003
23.899
3.482
153.247
2015.454
2.908
3234.507
0.002
0.051
0.047
0.336
19.769
21.172
222.781
1.07
209.337
0.371
0.972
66.864
2.084
752.059
596.542
3.658
0.973
856.227
1.327
1033.964
412.086
12.154
9.618
559.194
1866.248
15.122
3.536
2.101
21.831
0.221
265.795
2.329
255.219
0.414
0.107
1.095
1.021
169.043
119.002
367.814
0.167
1374.465
0.205
1.228
0.349
87.782
0.205
1.134
0.192
1.168
0.224
64.618
5.367
14.913
5.549
0.004
0.182
89.562
0.188
0.018
245.575
173.343
0.0
177.005
33.712
0.604
205.644
0.003
0.198
285.861
0.216
2.386
0.206
2.383
64.145
2.986
316.609
0.202
372.33
0.389
388.396
1.385
0.061
5030.992
14123.61
788.336
0.389
97.59
0.201
18.186
165.033
52.807
59.304
0.428
2.074
0.212
0.616
0.279
0.428
33.203
0.16
0.18
48.229
0.073
0.74
12.822
21.07
3.205
8.709
0.63
1.906
0.524
18.889
0.0
0.197
145.027
94.08
8.186
40.709
9.166
131.814
0.032
0.953
151.448
293.278
0.148
28.38
151.791
86.945
225.011
11.744
0.074
0.466
3.091
0.537
384.109
433.101
508.054
29.824
0.251
0.256
516.474
0.193
48.261
0.003
0.188
1343.271
290.216
42.44
1.042
0.008
6.093
20.742
0.189
22.966
121.442
91.699
0.384
42.215
8419.33
3.697
13.958
53.444
4.011
61.794
920.643
135.086
2.085
171.511
4.032
2.243
11.912
80.222
1.309
24.539
41.567
0.276
22.853
3.986
1.871
20.891
0.649
120.674
0.148
21.873
19484.407
2238.525
30.495
24786.394
0.168
6140.956
0.0
2.071
337.864
0.327
77.602
0.182
166.503
601.41
0.687
4.074
1.253
0.386
8.471
10.687
74.139
73.312
0.107
4.854
16.091
261.743
60.626
10.882
9.848
4.247
242.604
56.333
6.357
195.565
455.493
516.317
371.256
0.0
0.17
3.783
0.21
0.716
139.102
2.655
0.137
151.722
203.378
58.095
0.519
13.665
47.162
874.761
686.276
0.167
17.654
0.545
123.588
187.811
22.448
2.802
98.069
0.189
0.445
0.167
0.231
12.844
6.781
2.768
1.237
6.225
161.771
157.371
80.032
1124.952
168.497
121.847
3.27
3.849
2.206
21.287
123.55
0.277
0.568
0.114
0.013
93.065
0.197
101.76
1782.003
0.508
288.35
1.106
538.538
0.918
6.479
42.395
174.694
0.002
529.583
0.181
70.102
0.124
92.966
0.803
0.259
0.062
0.021
20.593
0.188
0.786
33.225
188.747
0.293
336.511
21096.081
28.968
1504.873
488.144
21.686
266.327
19.912
3.834
140.577
0.171
150.715
0.237
105.693
0.259
152.791
380.439
0.002
0.526
152.568
0.016
0.664
775.065
0.598
5.504
0.441
1.409
2.204
72.514
22.141
239.516
0.002
0.213
138.21
1.324
0.479
0.0
43.562
10.935
0.0
0.314
2903.864
13722.506
0.006
1.221
0.524
1.863
0.102
0.085
0.056
18.78
23.09
0.133
6.807
0.246
1.854
9.299
2598.359
4283.369
684.842
7765.707
4.211
15.136
44.376
9843.626
0.891
9668.092
91.734
0.435
0.008
0.316
24.342
2.172
46.159
12517.942
0.01
0.169
14.409
0.781
96.28
612.203
42.772
50.286
0.166
0.076
665.303
1.462
3180.22
243.913
0.305
9980.704
41.598
8.431
123.949
0.639
338.769
50.287
28.614
400.377
258.129
0.108
0.066
4.189
0.368
471.996
771.414
92.311
0.457
75.685
138.63
4.044
471.934
0.028
2.557
5.93
0.184
0.467
0.467
1.09
0.007
6.258
9.987
1.468
180.898
9.558
0.026
5.036
122.949
0.186
2.351
11.843
245.137
1.086
20.074
0.794
137.762
10.251
268.955
0.814
0.066
3.566
0.295
3.126
0.079
0.002
4.628
0.921
8.888
0.068
9.265
187.856
8.672
46.461
19.937
12.196
75.898
0.487
0.832
12.518
148.617
1.028
125.737
2.633
0.474
0.057
0.358
0.204
0.828
62.85
260.502
548.167
9216.1
19335.358
0.202
26.396
0.549
2.09
9.891
2.232
176.651
0.187
0.007
0.149
1.909
137.161
51.583
0.207
55.328
29.993
0.212
2.772
1.087
0.198
20.384
0.242
866.421
0.267
3.042
2.212
861.038
0.556
371.072
21.145
121.691
0.006
0.241
22.454
609.581
12.985
2168.481
1815.737
9709.503
0.108
19.329
1.171
25.93
0.388
23.264
0.778
47.006
1.334
94.69
688.959
0.198
1071.447
0.365
275.536
16620.77
0.351
33987.632
0.081
140.158
7325.751
2.17
8.861
47073.14
22.363
73.944
26.903
8.765
2312.372
0.287
0.058
0.263
0.019
6458.13
0.33
20.861
35.726
42.723
7.948
17.061
0.757
0.768
1.109
40.99
13.738
94.105
16.783
3492.242
214.973
4756.092
0.035
0.224
121.269
1.759
19.911
95.607
0.237
88.135
0.151
0.027
0.273
0.177
22.303
0.638
0.045
25.859
9.661
72.421
0.176
38.812
1.236
9.766
17.514
0.206
44.479
3005.802
0.416
0.7
28.184
0.191
0.698
37.447
1.218
1.009
12.222
8.21
13.134
11.839
11.557
1.252
19.576
0.185
99.721
1.181
10.187
0.036
0.181
35.956
2.22
0.289
14.204
12.312
0.017
0.178
539.371
0.576
2.18
0.913
0.686
7.931
8.632
0.482
1.236
0.163
1.116
1.281
713.24
917.722
68.264
165.099
1.128
0.706
0.484
2087.009
17.609
3.691
1487.703
30.019
3075.724
10910.644
0.0
0.089
0.224
0.271
0.188
0.202
3.291
13.49
0.265
0.221
16.691
2.016
1.458
0.587
1.907
3147.227
138.067
0.0
11.175
0.92
0.325
1150.842
0.173
330.223
10.806
5.122
217.99
0.207
15.795
1.801
144.356
0.012
170.192
0.555
22.78
10.063
23.847
0.235
191.912
219.527
0.053
20.142
0.704
0.216
175.543
0.184
114.272
430.776
12.295
189.991
111.977
85.092
2.096
0.192
64.728
20.191
0.191
0.924
0.252
0.124
0.355
0.019
0.698
99.285
1868.351
744.745
0.023
0.041
0.066
1.075
77.459
1.053
3.207
1.295
8.055
0.273
15.159
9.327
15.272
18.466
167.934
568.459
477.668
3.286
1657.1
0.09
377.819
541.994
610.184
1301.899
30953.908
479.711
0.018
2567.947
416.691
97.519
0.536
3571.216
9366.676
2227.262
47830.659
0.0
6.821
2.422
24.31
242.605
0.001
12.68
2521.309
56.718
273.291
12709.284
0.321
0.203
1.627
3104.948
55.081
3.555
718.013
991.555
13280.197
222.646
99.888
0.191
1.121
0.142
5.039
0.066
8.624
34.433
6.798
4.213
8.019
5.316
0.036
56.659
6.414
0.194
4.902
0.001
0.481
0.161
0.969
0.546
2062.349
0.006
0.172
11.518
47.881
172.415
5.293
14.751
7.328
13.997
15.562
27.453
9.418
5.25
113.649
0.177
120.397
5.728
4.027
9.342
0.087
0.292
14.847
12.071
5.898
13.124
0.787
2.203
0.024
103.83
0.062
0.161
60.335
21.599
14.339
247.441
13704.111
0.162
0.027
22.142
47.543
0.196
66.448
0.006
42.364
0.245
45.913
167.957
96.446
72.748
18191.101
11.756
0.129
137.247
1.064
541.711
7.635
73.933
96.107
27781.121
0.321
733.885
0.001
510.633
0.194
382.452
0.131
0.077
0.855
113.244
34.217
0.712
0.173
0.884
5.336
0.401
104.184
0.002
0.143
0.211
0.353
103.763
0.002
0.196
10.583
0.12
42.492
0.118
20.172
29.703
3.167
1.051
0.705
864.111
0.0
0.165
13.117
0.083
0.009
0.548
0.223
2.312
0.315
6753.751
0.003
9.407
8.972
74.163
507.579
0.152
0.023
18.776
241.569
4.057
10.737
216.933
0.238
6.911
19.92
0.226
20.456
357.427
0.138
6.841
0.332
13.935
8.292
9.797
23.471
16.213
7.363
8.425
1.264
90.654
0.215
14.335
0.005
0.192
2.097
12.919
0.002
0.205
2.32
0.071
8.191
1.737
6.346
0.003
0.12
0.093
10.299
0.04
1.365
7.036
0.007
11.262
10.397
909.016
0.004
918.371
9.095
166.381
8.098
0.026
3.482
12.926
5.265
19.355
22.384
18.694
23.058
19.883
22.687
19.546
2.272
20.767
0.198
3.281
14.271
0.005
0.268
10.163
0.239
74.975
0.219
0.871
5.835
4.339
1.768
2.203
0.421
0.409
18.729
26.744
2.805
0.075
0.216
0.06
0.156
49.554
21.212
66.956
0.056
0.174
0.014
16.095
2.667
1.531
0.068
0.061
0.05
0.597
0.235
1.403
2.876
21.936
11.102
177.056
21.352
0.858
42.931
1.533
175.588
120.024
1.199
0.234
12.001
0.232
8.814
4.613
2.056
0.152
10.677
14121.585
259.414
0.084
0.145
94.657
2.707
0.006
0.197
1848.321
42.36
44.346
0.007
0.302
2950.307
16.828
1.008
1.656
1.073
0.922
0.006
10.21
4.399
2987.345
0.004
207.539
7999.327
28.811
0.216
69.184
0.192
41.733
0.001
0.241
694.553
315.283
3.632
0.004
0.933
0.225
0.079
9.158
0.512
0.048
0.126
0.226
5.904
2.844
7.054
996.378
1013.155
3.821
24.523
3.4
2.642
0.013
0.262
23.942
0.306
0.578
0.308
27.265
0.162
11.285
0.008
0.374
0.119
0.093
0.074
22.445
4.742
0.262
0.952
19.567
3.33
0.751
0.148
0.028
0.097
147.742
0.147
39.85
1077.999
459.574
0.017
0.543
5.164
0.117
0.133
0.25
12.454
6.933
0.697
0.242
1564.226
166.781
103.823
0.201
67.946
9.265
0.09
2.675
20.669
32.392
4457.557
0.199
21.474
0.573
200.54
254.389
444.636
18404.473
0.23
3.634
0.006
29.118
0.522
16.785
15.036
10.493
2.325
993.934
0.622
13547.479
4.331
18.212
15.564
1.736
0.024
598.344
220.663
11.514
1168.112
56848.909
0.0
18049.79
33067.611
21005.109
0.0
0.649
6.726
10.05
1.494
0.002
0.429
5.297
0.663
3.034
0.284
314.296
10.725
31.531
92.101
0.172
19.834
8.266
499.004
0.002
5.883
1.403
69.661
266.953
0.001
0.197
0.56
206.893
25.094
0.723
3.644
0.146
0.03
0.276
0.008
0.5
9.549
33.576
0.247
4.401
0.224
21.513
6.568
0.365
3.588
1.736
0.55
0.805
3.186
13.086
13317.234
0.091
0.128
0.034
0.42
0.052
0.453
0.885
0.902
0.084
2.622
0.261
23.861
0.219
5.864
1.198
0.237
0.293
5.3
0.067
0.023
0.332
20.841
6.83
1.248
3.997
0.332
42.899
127.683
1.391
116.091
0.075
4.496
569.535
25.851
19.849
0.002
9.413
0.952
1041.307
19.379
0.318
0.019
17.719
0.123
18.402
8.251
63979.083
0.617
0.0
0.398
1.025
33.364
35.81
7.075
34.244
0.229
30.314
3.335
0.537
3.023
0.119
17.792
1.786
48.116
0.007
0.244
3.171
25.084
0.616
0.538
0.015
1.601
2.517
432.683
0.375
1.624
1.59
0.224
160.551
19.351
0.012
101.795
0.175
15.423
34.905
4838.155
3222.664
0.0
0.97
2.417
0.356
71.475
0.591
0.853
19.102
4.772
25.158
416.992
75.08
608.518
0.0
0.239
24.231
29.673
0.181
0.324
2941.997
947.971
720.493
802.565
3232.286
5.017
40.651
0.304
39604.918
7195.441
1.638
2.493
0.622
3.372
0.0
77.422
76.221
0.023
260.627
3459.171
0.001
14.878
6.168
3.749
257.119
185.258
530.031
30.837
4.454
558.139
29.392
4.056
16.255
2659.224
127.288
1876.47
2368.324
6.751
0.711
24.495
0.039
31825.826
0.197
4941.016
86.577
54.418
1.48
22.031
5516.373
45480.758
15.353
0.213
0.19
90.514
20.582
0.248
24.346
0.48
93.675
0.441
23.882
0.174
765.031
0.204
720.924
0.187
2.981
0.194
0.586
0.743
0.11
0.211
48.078
0.282
0.148
9.74
1.555
63.02
119.505
142.739
12.697
30.659
0.414
467.018
3.328
8.865
20.961
70.777
1.146
68.99
0.117
0.711
2.027
7223.614
6.024
0.585
2.072
0.536
48.031
23.762
0.139
0.975
10.05
100.458
0.738
1024.295
2.243
399.885
8.468
6828.363
0.916
8.564
2.639
1.857
44.657
16.217
309.954
0.459
0.107
0.341
0.049
22.061
17.355
24.849
55.384
2.218
661.704
52.814
1.566
17.426
625.928
0.304
476.232
6020.319
0.161
4.893
0.047
0.124
0.131
0.387
1.308
1420.595
0.505
0.265
0.116
2.707
12.331
10.817
0.001
1.017
0.289
912.319
20312.224
0.0
10.926
0.283
7.248
54.291
9.878
25.526
1.689
0.248
145.286
0.226
2.827
11.13
5.465
1.534
0.468
91.445
9.225
5661.339
0.266
163.934
0.188
0.037
156.762
0.437
9.664
7.131
1.95
12.007
30.387
0.202
4.623
4.075
0.229
28.703
241.578
7.916
2.984
0.001
0.273
0.134
0.173
0.201
0.384
0.713
9.762
24.392
7.113
2.862
0.165
0.825
23.941
14.287
3.157
227.962
195.458
0.24
0.094
13.208
322.265
0.199
9.951
202.483
0.104
709.814
0.052
116.69
921.981
147.038
42317.982
0.717
0.003
0.175
4150.929
1386.179
171.562
2162.245
2780.159
359.782
0.159
315.9
1.422
0.223
914.218
280.616
575.836
0.209
23.116
625.45
1.027
0.2
623.91
0.219
12.277
59.51
800.812
2.136
14.677
212.844
0.211
6.988
0.229
3.043
1.051
2.881
22.968
13.066
0.804
12.107
16.627
262.873
48.498
0.945
0.745
0.339
2538.606
0.154
44.454
0.273
66.74
0.046
3635.38
2502.648
19.245
940.307
7035.811
2.482
0.27
286.418
0.947
64431.494
21.832
290.606
0.264
65.739
3.045
0.283
0.545
14.294
18.764
0.388
329.217
0.429
0.247
0.265
0.019
0.069
2.939
1.709
0.812
1.363
4.125
13.594
2.254
2.115
1.229
1.1
281.214
44.0
877.138
0.641
9.676
0.275
1.917
74.162
137.08
42.757
4.33
379.283
67.72
0.276
0.385
12.275
5.45
0.811
0.236
25.227
4.134
0.258
11.44
36.493
9.106
0.006
0.242
1.438
15.353
33.314
0.013
0.437
5.619
0.021
0.213
822.932
0.004
2.403
1.932
40.229
21.201
0.199
534.168
64.723
7.214
39.585
0.28
0.304
1.735
0.001
0.245
34.31
0.091
65.233
6.032
0.001
0.245
8.538
0.214
2.198
0.263
310.849
65.912
24.591
0.06
0.23
31.001
0.161
142.134
0.329
26.997
75.378
928.289
0.211
6.522
60.503
0.111
3.069
77.502
4724.374
0.723
0.346
0.297
20.547
52.725
2.767
17.217
5.05
482.414
45.865
4720.335
0.448
1484.047
62.833
0.003
0.184
3.264
17.97
314.363
0.563
0.177
0.409
1.147
5.757
0.185
0.666
0.197
6.194
0.177
19.302
261.443
23.812
894.911
0.199
0.284
0.182
844.877
0.177
486.295
0.172
17.68
0.186
23.284
0.083
0.887
0.187
1.584
0.161
0.51
0.324
1.449
0.196
22.598
0.168
2.627
0.171
0.485
430.707
0.491
63.104
0.205
0.018
2.659
481.957
0.414
51.763
7027.962
0.033
0.403
632.817
2.367
63.98
6599.714
25.398
297.687
0.002
3.188
8.768
3.482
17.978
0.31
0.315
0.002
0.287
0.547
17.289
2.239
22.563
127.188
0.316
0.379
0.202
33.374
0.082
0.201
64.471
11.009
1127.664
237.779
9.033
0.301
122.162
215.754
73.309
572.702
0.686
1.144
10.854
3.384
7.546
41.503
92.876
5834.745
8.722
22.426
4.515
8024.747
3224.717
0.183
117.072
24.871
0.561
51.622
428.096
3.061
0.058
0.041
23.75
19.562
4.924
0.276
2109.389
0.001
0.088
1.322
0.046
1.562
0.099
23.907
0.002
0.374
910.091
0.01
0.969
0.168
46.682
16.008
369.851
14.924
4852.515
0.001
0.024
19.197
0.031
12.427
0.686
1513.402
0.056
47.239
55.269
42.912
242.704
1.094
3505.298
775.291
0.002
0.479
25179.66
0.175
18482.986
0.244
2.251
11.179
631.827
0.009
0.029
35.369
0.22
48.172
1100.862
0.07
0.711
68.546
0.26
10.901
0.494
0.376
0.001
293.993
576.697
195.164
40862.074
6177.76
0.106
0.282
69.889
118.841
0.093
0.125
0.049
169.267
227.587
2681.821
0.002
423.65
2272.505
71619.602
0.011
0.177
24.755
0.631
9.653
0.129
22.744
19.663
0.373
0.374
0.231
192.642
3295.969
0.028
2.371
0.002
0.022
246.649
69.391
1.87
613.609
283.632
0.034
104.564
0.094
189.445
4.069
7.929
3.087
57.676
2.324
236.071
5.467
0.068
4.407
18.759
2.458
194.836
66.216
49.875
20.182
26.871
433.361
16.314
322.682
0.044
3.306
